Input string: [6, 6, 8, 12, 15, 16, 18, 22, 25, 32, 34, 36, 36, 37, 39, 42, 42, 46, 47, 54, 54, 54, 54, 56, 57, 61, 62, 63, 64, 65, 66, 66, 66, 69, 70, 72, 74, 78, 78, 78, 78, 79, 80, 84, 86, 86, 86, 89, 91, 98]

Output of Bubble Sort is: 
[6, 6, 8, 12, 15, 16, 18, 22, 25, 32, 34, 36, 36, 37, 39, 42, 42, 46, 47, 54, 54, 54, 54, 56, 57, 61, 62, 63, 64, 65, 66, 66, 66, 69, 70, 72, 74, 78, 78, 78, 78, 79, 80, 84, 86, 86, 86, 89, 91, 98]
Output of Insertion Sort: 
[6, 6, 8, 12, 15, 16, 18, 22, 25, 32, 34, 36, 36, 37, 39, 42, 42, 46, 47, 54, 54, 54, 54, 56, 57, 61, 62, 63, 64, 65, 66, 66, 66, 69, 70, 72, 74, 78, 78, 78, 78, 79, 80, 84, 86, 86, 86, 89, 91, 98]
Output of Merge Sort: 
[6, 6, 8, 12, 15, 16, 18, 22, 25, 32, 34, 36, 36, 37, 39, 42, 42, 46, 47, 54, 54, 54, 54, 56, 57, 61, 62, 63, 64, 65, 66, 66, 66, 69, 70, 72, 74, 78, 78, 78, 78, 79, 80, 84, 86, 86, 86, 89, 91, 98]
Output of Quick Sort: 
[6, 6, 8, 12, 15, 16, 18, 22, 25, 32, 34, 36, 36, 37, 39, 42, 42, 46, 47, 54, 54, 54, 54, 56, 57, 61, 62, 63, 64, 65, 66, 66, 66, 69, 70, 72, 74, 78, 78, 78, 78, 79, 80, 84, 86, 86, 86, 89, 91, 98]
Output of Heap Sort: 
[6, 6, 8, 12, 15, 16, 18, 22, 25, 32, 34, 36, 36, 37, 39, 42, 42, 46, 47, 54, 54, 54, 54, 56, 57, 61, 62, 63, 64, 65, 66, 66, 66, 69, 70, 72, 74, 78, 78, 78, 78, 79, 80, 84, 86, 86, 86, 89, 91, 98]
